2016-01-16T11:30:38+0100;  12.830;  30.228;  13.000;
2016-01-16T11:35:43+0100;  12.741;  30.243;  12.664;
2016-01-16T11:40:48+0100;  12.630;  30.379;  12.500;
2016-01-16T11:45:53+0100;  12.460;  30.507;  12.443;
2016-01-16T11:50:58+0100;  12.074;  30.505;  12.000;
2016-01-16T11:56:03+0100;  12.090;  30.444;  12.000;
2016-01-16T12:01:08+0100;  12.108;  30.644;  12.000;
2016-01-16T12:06:13+0100;  12.287;  30.320;  12.000;
2016-01-16T12:11:18+0100;  12.424;  30.238;  12.410;
2016-01-16T12:16:23+0100;  12.569;  30.112;  12.500;
2016-01-16T12:21:28+0100;  12.695;  30.054;  12.549;
2016-01-16T12:26:33+0100;  12.825;  30.052;  13.000;
2016-01-16T12:31:38+0100;  12.956;  29.963;  13.000;
2016-01-16T12:36:43+0100;  13.028;  29.974;  13.000;
2016-01-16T12:41:48+0100;  13.145;  29.893;  13.139;
2016-01-16T12:46:53+0100;  13.232;  29.877;  13.500;
2016-01-16T12:51:58+0100;  13.326;  29.882;  13.500;
2016-01-16T12:57:03+0100;  13.392;  29.860;  13.500;
2016-01-16T13:02:08+0100;  13.384;  29.916;  13.500;
2016-01-16T13:07:13+0100;  13.271;  30.085;  13.500;
2016-01-16T13:12:18+0100;  13.193;  30.220;  13.475;
2016-01-16T13:17:23+0100;  13.105;  30.345;  13.016;
2016-01-16T13:22:28+0100;  13.080;  30.385;  13.000;
2016-01-16T13:27:33+0100;  13.033;  30.417;  13.000;
2016-01-16T13:32:38+0100;  13.035;  30.447;  13.000;
2016-01-16T13:37:43+0100;  13.023;  30.415;  13.000;
2016-01-16T13:42:48+0100;  13.046;  30.382;  13.000;
2016-01-16T13:47:53+0100;  13.050;  30.367;  13.000;
2016-01-16T13:52:58+0100;  13.081;  30.353;  13.000;
2016-01-16T13:58:03+0100;  13.063;  30.406;  13.000;
2016-01-16T14:03:08+0100;  13.072;  30.396;  13.000;
2016-01-16T14:08:13+0100;  13.026;  30.490;  13.000;
2016-01-16T14:13:18+0100;  13.028;  30.471;  13.000;
2016-01-16T14:18:23+0100;  12.999;  30.511;  13.000;
2016-01-16T14:23:28+0100;  13.012;  30.526;  13.000;
2016-01-16T14:28:33+0100;  12.994;  30.534;  13.000;
2016-01-16T14:33:38+0100;  13.011;  30.546;  13.000;
2016-01-16T14:38:43+0100;  12.992;  30.599;  13.000;
2016-01-16T14:43:48+0100;  13.005;  30.548;  13.000;
2016-01-16T14:48:53+0100;  12.980;  30.584;  13.000;
2016-01-16T14:53:58+0100;  12.999;  30.548;  13.000;
2016-01-16T14:59:03+0100;  12.979;  30.574;  13.000;
2016-01-16T15:04:08+0100;  12.989;  30.557;  13.000;
2016-01-16T15:09:13+0100;  12.975;  30.623;  13.000;
2016-01-16T15:14:18+0100;  12.982;  30.572;  13.000;
2016-01-16T15:19:23+0100;  12.969;  30.620;  13.000;
2016-01-16T15:24:28+0100;  12.980;  30.587;  13.000;
2016-01-16T15:29:33+0100;  12.959;  30.640;  13.000;
2016-01-16T15:34:38+0100;  12.976;  30.605;  13.000;
2016-01-16T15:39:43+0100;  12.971;  30.640;  13.000;
2016-01-16T15:44:48+0100;  12.997;  30.571;  13.000;
2016-01-16T15:49:53+0100;  12.993;  30.625;  13.000;
2016-01-16T15:54:58+0100;  13.011;  30.550;  13.000;
2016-01-16T16:00:03+0100;  13.003;  30.640;  13.000;
2016-01-16T16:05:08+0100;  12.995;  30.632;  13.000;
2016-01-16T16:10:13+0100;  12.925;  30.686;  13.000;
2016-01-16T16:15:18+0100;  12.938;  30.568;  13.000;
2016-01-16T16:20:23+0100;  12.940;  30.640;  13.000;
2016-01-16T16:25:28+0100;  12.963;  30.631;  13.000;
2016-01-16T16:30:33+0100;  12.985;  30.640;  13.000;
2016-01-16T16:35:38+0100;  13.015;  30.584;  13.000;
2016-01-16T16:40:43+0100;  13.020;  30.632;  13.000;
2016-01-16T16:45:48+0100;  13.009;  30.637;  13.000;
2016-01-16T16:50:53+0100;  12.997;  30.640;  13.000;
2016-01-16T16:55:58+0100;  12.986;  30.641;  13.000;
2016-01-16T17:01:03+0100;  12.979;  30.643;  13.000;
2016-01-16T17:06:08+0100;  12.977;  30.652;  13.000;
2016-01-16T17:11:13+0100;  12.969;  30.656;  13.000;
2016-01-16T17:16:18+0100;  12.961;  30.656;  13.000;
2016-01-16T17:21:23+0100;  12.965;  30.691;  13.000;
2016-01-16T17:26:28+0100;  12.982;  30.640;  13.000;
2016-01-16T17:31:33+0100;  12.994;  30.640;  13.000;
2016-01-16T17:36:38+0100;  13.005;  30.640;  13.000;
2016-01-16T17:41:43+0100;  13.019;  30.640;  13.000;
2016-01-16T17:46:48+0100;  13.012;  30.640;  13.000;
2016-01-16T17:51:53+0100;  13.005;  30.640;  13.000;
2016-01-16T17:56:58+0100;  12.980;  30.640;  13.000;
2016-01-16T18:02:03+0100;  12.984;  30.640;  13.000;
2016-01-16T18:07:08+0100;  12.968;  30.640;  13.000;
2016-01-16T18:12:13+0100;  12.978;  30.640;  13.000;
2016-01-16T18:17:18+0100;  12.973;  30.640;  13.000;
2016-01-16T18:22:23+0100;  12.999;  30.589;  13.000;
2016-01-16T18:27:28+0100;  13.001;  30.548;  13.000;
2016-01-16T18:32:33+0100;  13.011;  30.548;  13.000;
2016-01-16T18:37:38+0100;  12.994;  30.548;  13.000;
2016-01-16T18:42:43+0100;  13.002;  30.550;  13.000;
2016-01-16T18:47:48+0100;  12.977;  30.548;  13.000;
2016-01-16T18:52:53+0100;  13.002;  30.548;  13.000;
2016-01-16T18:57:58+0100;  12.985;  30.548;  13.000;
2016-01-16T19:03:03+0100;  13.005;  30.548;  13.000;
2016-01-16T19:08:08+0100;  12.982;  30.548;  13.000;
2016-01-16T19:13:13+0100;  12.990;  30.548;  13.000;
2016-01-16T19:18:18+0100;  12.965;  30.548;  13.000;
2016-01-16T19:23:23+0100;  12.978;  30.543;  13.000;
2016-01-16T19:28:28+0100;  12.956;  30.548;  13.000;
2016-01-16T19:33:33+0100;  12.975;  30.508;  13.000;
2016-01-16T19:38:38+0100;  12.962;  30.545;  13.000;
2016-01-16T19:43:43+0100;  12.991;  30.466;  13.000;
2016-01-16T19:48:48+0100;  12.988;  30.450;  13.000;
2016-01-16T19:53:53+0100;  13.007;  30.450;  13.000;
2016-01-16T19:58:58+0100;  13.000;  30.450;  13.000;
2016-01-16T20:04:03+0100;  13.013;  30.450;  13.000;
2016-01-16T20:09:03+0100;  12.992;  30.460;  13.000;
2016-01-16T20:14:08+0100;  12.995;  30.450;  13.000;
2016-01-16T20:19:13+0100;  12.976;  30.478;  13.000;
2016-01-16T20:24:18+0100;  12.981;  30.450;  13.000;
2016-01-16T20:29:23+0100;  12.962;  30.478;  13.000;
2016-01-16T20:34:28+0100;  12.988;  30.450;  13.000;
2016-01-16T20:39:33+0100;  12.985;  30.450;  13.000;
2016-01-16T20:44:38+0100;  13.004;  30.450;  13.000;
2016-01-16T20:49:43+0100;  12.990;  30.450;  13.000;
2016-01-16T20:54:48+0100;  12.996;  30.450;  13.000;
2016-01-16T20:59:53+0100;  12.987;  30.450;  13.000;
2016-01-16T21:04:58+0100;  12.990;  30.450;  13.000;
2016-01-16T21:10:03+0100;  12.979;  30.441;  13.000;
2016-01-16T21:15:08+0100;  12.983;  30.390;  13.000;
2016-01-16T21:20:13+0100;  12.969;  30.447;  13.000;
2016-01-16T21:25:18+0100;  12.979;  30.358;  13.000;
2016-01-16T21:30:23+0100;  12.978;  30.353;  13.000;
2016-01-16T21:35:28+0100;  12.998;  30.353;  13.000;
2016-01-16T21:40:33+0100;  12.991;  30.353;  13.000;
2016-01-16T21:45:38+0100;  12.998;  30.311;  13.000;
2016-01-16T21:50:43+0100;  12.991;  30.320;  13.000;
2016-01-16T21:55:48+0100;  12.993;  30.261;  13.000;
2016-01-16T22:00:53+0100;  12.975;  30.278;  13.000;
2016-01-16T22:05:58+0100;  12.967;  30.276;  13.000;
2016-01-16T22:11:03+0100;  12.960;  30.269;  13.000;
2016-01-16T22:16:08+0100;  12.963;  30.261;  13.000;
2016-01-16T22:21:13+0100;  12.969;  30.231;  13.000;
2016-01-16T22:26:18+0100;  12.982;  30.170;  13.000;
2016-01-16T22:31:23+0100;  12.997;  30.157;  13.000;
2016-01-16T22:36:28+0100;  13.003;  30.136;  13.000;
2016-01-16T22:41:33+0100;  13.002;  30.146;  13.000;
2016-01-16T22:46:38+0100;  12.986;  30.125;  13.000;
2016-01-16T22:51:43+0100;  12.986;  30.106;  13.000;
2016-01-16T22:56:48+0100;  12.972;  30.077;  13.000;
2016-01-16T23:01:53+0100;  12.971;  30.087;  13.000;
2016-01-16T23:06:58+0100;  12.957;  30.066;  13.000;
2016-01-16T23:12:03+0100;  12.969;  30.066;  13.000;
2016-01-16T23:17:08+0100;  12.967;  30.049;  13.000;
2016-01-16T23:22:13+0100;  12.987;  29.989;  13.000;
2016-01-16T23:27:18+0100;  12.979;  29.974;  13.000;
2016-01-16T23:32:18+0100;  12.990;  29.974;  13.000;
2016-01-16T23:37:23+0100;  12.986;  29.970;  13.000;
2016-01-16T23:42:28+0100;  13.001;  29.893;  13.000;
2016-01-16T23:47:33+0100;  12.982;  29.877;  13.000;
2016-01-16T23:52:38+0100;  12.991;  29.874;  13.000;
2016-01-16T23:57:43+0100;  12.972;  29.877;  13.000;
2016-01-17T00:02:48+0100;  12.991;  29.835;  13.000;
2016-01-17T00:07:48+0100;  12.963;  29.813;  13.000;
2016-01-17T00:12:53+0100;  12.978;  29.819;  13.000;
2016-01-17T00:17:58+0100;  12.956;  29.779;  13.000;
2016-01-17T00:23:03+0100;  12.964;  29.779;  13.000;
2016-01-17T00:28:08+0100;  12.944;  29.779;  13.000;
2016-01-17T00:33:13+0100;  12.955;  29.731;  13.000;
2016-01-17T00:38:18+0100;  12.973;  29.688;  13.000;
2016-01-17T00:43:23+0100;  12.987;  29.688;  13.000;
2016-01-17T00:48:28+0100;  12.988;  29.649;  13.000;
2016-01-17T00:53:33+0100;  13.006;  29.619;  13.000;
2016-01-17T00:58:38+0100;  13.001;  29.590;  13.000;
2016-01-17T01:03:43+0100;  13.024;  29.590;  13.000;
2016-01-17T01:08:48+0100;  13.006;  29.590;  13.000;
2016-01-17T01:13:53+0100;  12.999;  29.588;  13.000;
2016-01-17T01:18:58+0100;  12.966;  29.590;  13.000;
2016-01-17T01:24:03+0100;  12.970;  29.559;  13.000;
2016-01-17T01:29:08+0100;  12.951;  29.535;  13.000;
2016-01-17T01:34:13+0100;  12.963;  29.492;  13.000;
2016-01-17T01:39:18+0100;  12.965;  29.491;  13.000;
2016-01-17T01:44:23+0100;  12.983;  29.429;  13.000;
2016-01-17T01:49:28+0100;  12.982;  29.416;  13.000;
2016-01-17T01:54:33+0100;  12.997;  29.401;  13.000;
2016-01-17T01:59:38+0100;  13.000;  29.388;  13.000;
2016-01-17T02:04:43+0100;  13.021;  29.330;  13.000;
2016-01-17T02:09:48+0100;  12.997;  29.345;  13.000;
2016-01-17T02:14:53+0100;  13.005;  29.303;  13.000;
2016-01-17T02:19:58+0100;  12.983;  29.303;  13.000;
2016-01-17T02:25:03+0100;  12.974;  29.303;  13.000;
2016-01-17T02:30:03+0100;  12.958;  29.303;  13.000;
2016-01-17T02:35:08+0100;  12.969;  29.300;  13.000;
2016-01-17T02:40:13+0100;  12.964;  29.244;  13.000;
2016-01-17T02:45:13+0100;  12.987;  29.216;  13.000;
2016-01-17T02:50:18+0100;  12.982;  29.211;  13.000;
2016-01-17T02:55:23+0100;  12.994;  29.173;  13.000;
2016-01-17T03:00:28+0100;  12.983;  29.139;  13.000;
2016-01-17T03:05:33+0100;  12.984;  29.114;  13.000;
2016-01-17T03:10:38+0100;  12.965;  29.114;  13.000;
2016-01-17T03:15:43+0100;  12.979;  29.095;  13.000;
2016-01-17T03:20:48+0100;  12.988;  29.048;  13.000;
2016-01-17T03:25:53+0100;  12.994;  29.016;  13.000;
2016-01-17T03:30:58+0100;  12.994;  29.016;  13.000;
2016-01-17T03:36:03+0100;  12.991;  29.015;  13.000;
2016-01-17T03:41:08+0100;  12.972;  29.007;  13.000;
2016-01-17T03:46:13+0100;  12.981;  28.989;  13.000;
2016-01-17T03:51:18+0100;  12.977;  28.956;  13.000;
2016-01-17T03:56:23+0100;  12.986;  28.925;  13.000;
2016-01-17T04:01:28+0100;  12.990;  28.925;  13.000;
2016-01-17T04:06:33+0100;  13.003;  28.921;  13.000;
2016-01-17T04:11:38+0100;  13.012;  28.830;  13.000;
2016-01-17T04:16:43+0100;  13.006;  28.843;  13.000;
2016-01-17T04:21:48+0100;  13.004;  28.827;  13.000;
2016-01-17T04:26:53+0100;  12.985;  28.827;  13.000;
2016-01-17T04:31:53+0100;  12.985;  28.801;  13.000;
2016-01-17T04:36:58+0100;  12.961;  28.827;  13.000;
2016-01-17T04:42:03+0100;  12.953;  28.788;  13.000;
2016-01-17T04:47:08+0100;  12.953;  28.729;  13.000;
2016-01-17T04:52:13+0100;  12.962;  28.729;  13.000;
2016-01-17T04:57:18+0100;  12.966;  28.726;  13.000;
2016-01-17T05:02:23+0100;  12.991;  28.677;  13.000;
2016-01-17T05:07:28+0100;  12.995;  28.645;  13.000;
2016-01-17T05:12:33+0100;  13.013;  28.623;  13.000;
2016-01-17T05:17:38+0100;  13.010;  28.604;  13.000;
2016-01-17T05:22:43+0100;  12.999;  28.588;  13.000;
2016-01-17T05:27:48+0100;  12.982;  28.618;  13.000;
2016-01-17T05:32:53+0100;  12.963;  28.551;  13.000;
2016-01-17T05:37:58+0100;  12.944;  28.542;  13.000;
2016-01-17T05:43:03+0100;  12.957;  28.540;  13.000;
2016-01-17T05:48:08+0100;  12.974;  28.511;  13.000;
2016-01-17T05:53:13+0100;  12.988;  28.514;  13.000;
2016-01-17T05:58:18+0100;  12.998;  28.442;  13.000;
2016-01-17T06:03:23+0100;  13.004;  28.466;  13.000;
2016-01-17T06:08:28+0100;  12.997;  28.442;  13.000;
2016-01-17T06:13:33+0100;  13.007;  28.402;  13.000;
2016-01-17T06:18:38+0100;  12.999;  28.351;  13.000;
2016-01-17T06:23:43+0100;  12.994;  28.369;  13.000;
2016-01-17T06:28:48+0100;  12.973;  28.360;  13.000;
2016-01-17T06:33:53+0100;  12.984;  28.352;  13.000;
2016-01-17T06:38:58+0100;  12.968;  28.351;  13.000;
2016-01-17T06:44:03+0100;  12.981;  28.351;  13.000;
2016-01-17T06:49:08+0100;  12.975;  28.293;  13.000;
2016-01-17T06:54:13+0100;  12.977;  28.263;  13.000;
2016-01-17T06:59:18+0100;  12.980;  28.253;  13.000;
2016-01-17T07:04:23+0100;  12.995;  28.250;  13.000;
2016-01-17T07:09:28+0100;  13.001;  28.223;  13.000;
2016-01-17T07:14:33+0100;  13.017;  28.191;  13.000;
2016-01-17T07:19:38+0100;  13.002;  28.231;  13.000;
2016-01-17T07:24:43+0100;  13.004;  28.172;  13.000;
2016-01-17T07:29:48+0100;  12.971;  28.156;  13.000;
2016-01-17T07:34:53+0100;  12.980;  28.176;  13.000;
2016-01-17T07:39:58+0100;  12.949;  28.156;  13.000;
2016-01-17T07:45:03+0100;  12.956;  28.144;  13.000;
2016-01-17T07:50:03+0100;  12.946;  28.152;  13.000;
2016-01-17T07:55:08+0100;  12.958;  28.068;  13.000;
2016-01-17T08:00:13+0100;  12.952;  28.097;  13.000;
2016-01-17T08:05:18+0100;  12.991;  28.058;  13.000;
2016-01-17T08:10:23+0100;  12.983;  28.008;  13.000;
2016-01-17T08:15:28+0100;  13.000;  27.973;  13.000;
2016-01-17T08:20:33+0100;  12.983;  28.051;  13.000;
2016-01-17T08:25:38+0100;  12.995;  28.002;  13.000;
2016-01-17T08:30:43+0100;  12.992;  27.966;  13.000;
2016-01-17T08:35:48+0100;  12.988;  27.970;  13.000;
2016-01-17T08:40:53+0100;  12.979;  27.921;  13.000;
2016-01-17T08:45:58+0100;  13.004;  27.875;  13.000;
2016-01-17T08:51:03+0100;  12.983;  27.875;  13.000;
2016-01-17T08:56:08+0100;  12.982;  27.879;  13.000;
2016-01-17T09:01:13+0100;  12.972;  27.875;  13.000;
2016-01-17T09:06:18+0100;  12.970;  27.820;  13.000;
2016-01-17T09:11:23+0100;  12.960;  27.846;  13.000;
2016-01-17T09:16:28+0100;  12.965;  27.848;  13.000;
2016-01-17T09:21:33+0100;  12.966;  27.833;  13.000;
2016-01-17T09:26:38+0100;  12.984;  27.777;  13.000;
2016-01-17T09:31:43+0100;  13.002;  27.767;  13.000;
2016-01-17T09:36:48+0100;  13.018;  27.735;  13.000;
2016-01-17T09:41:53+0100;  13.019;  27.726;  13.000;
2016-01-17T09:46:58+0100;  13.013;  27.719;  13.000;
2016-01-17T09:52:03+0100;  13.012;  27.692;  13.000;
2016-01-17T09:57:08+0100;  12.991;  27.679;  13.000;
2016-01-17T10:02:13+0100;  12.978;  27.679;  13.000;
2016-01-17T10:07:18+0100;  12.957;  27.679;  13.000;
2016-01-17T10:12:23+0100;  12.962;  27.679;  13.000;
2016-01-17T10:17:28+0100;  12.968;  27.679;  13.000;
2016-01-17T10:22:33+0100;  12.978;  27.679;  13.000;
2016-01-17T10:27:38+0100;  12.999;  27.631;  13.000;
2016-01-17T10:32:43+0100;  13.007;  27.640;  13.000;
2016-01-17T10:37:48+0100;  13.043;  27.553;  13.000;
2016-01-17T10:42:53+0100;  13.048;  27.559;  13.000;
2016-01-17T10:47:58+0100;  13.027;  27.588;  13.000;
2016-01-17T10:53:03+0100;  13.022;  27.588;  13.000;
2016-01-17T10:58:08+0100;  12.983;  27.588;  13.000;
2016-01-17T11:03:13+0100;  12.972;  27.588;  13.000;
2016-01-17T11:08:18+0100;  12.938;  27.588;  13.000;
2016-01-17T11:13:23+0100;  12.940;  27.573;  13.000;
2016-01-17T11:18:28+0100;  12.931;  27.588;  13.000;
2016-01-17T11:23:33+0100;  12.946;  27.569;  13.000;
2016-01-17T11:28:38+0100;  12.977;  27.546;  13.000;
2016-01-17T11:33:43+0100;  12.992;  27.554;  13.000;
2016-01-17T11:38:48+0100;  13.018;  27.559;  13.000;
2016-01-17T11:43:53+0100;  13.034;  27.535;  13.000;
2016-01-17T11:48:58+0100;  13.027;  27.490;  13.000;
2016-01-17T11:54:03+0100;  13.018;  27.567;  13.000;
2016-01-17T11:59:08+0100;  12.978;  27.570;  13.000;
2016-01-17T12:04:13+0100;  12.978;  27.586;  13.000;
2016-01-17T12:09:18+0100;  12.969;  27.588;  13.000;
2016-01-17T12:14:23+0100;  12.977;  27.588;  13.000;
2016-01-17T12:19:28+0100;  12.973;  27.580;  13.000;
2016-01-17T12:24:33+0100;  13.000;  27.562;  13.000;
2016-01-17T12:29:38+0100;  12.997;  27.506;  13.000;
2016-01-17T12:34:43+0100;  13.005;  27.573;  13.000;
2016-01-17T12:39:48+0100;  13.004;  27.588;  13.000;
2016-01-17T12:44:53+0100;  13.017;  27.588;  13.000;
2016-01-17T12:49:58+0100;  13.018;  27.588;  13.000;
2016-01-17T12:55:03+0100;  13.032;  27.588;  13.000;
2016-01-17T13:00:08+0100;  13.021;  27.588;  13.000;
2016-01-17T13:05:13+0100;  13.025;  27.595;  13.000;
2016-01-17T13:10:18+0100;  13.002;  27.589;  13.000;
2016-01-17T13:15:23+0100;  12.995;  27.640;  13.000;
2016-01-17T13:20:28+0100;  12.971;  27.679;  13.000;
2016-01-17T13:25:33+0100;  12.977;  27.678;  13.000;
2016-01-17T13:30:38+0100;  12.967;  27.679;  13.000;
2016-01-17T13:35:43+0100;  12.988;  27.679;  13.000;
2016-01-17T13:40:48+0100;  12.998;  27.679;  13.000;
2016-01-17T13:45:53+0100;  13.021;  27.615;  13.000;
2016-01-17T13:50:58+0100;  13.023;  27.679;  13.000;
2016-01-17T13:56:03+0100;  13.020;  27.679;  13.000;
2016-01-17T14:01:08+0100;  13.003;  27.679;  13.000;
2016-01-17T14:06:13+0100;  12.995;  27.718;  13.000;
2016-01-17T14:11:18+0100;  12.972;  27.759;  13.000;
2016-01-17T14:16:23+0100;  12.964;  27.740;  13.000;
2016-01-17T14:21:28+0100;  12.969;  27.763;  13.000;
2016-01-17T14:26:33+0100;  12.986;  27.684;  13.000;
2016-01-17T14:31:38+0100;  12.997;  27.684;  13.000;
2016-01-17T14:36:43+0100;  12.993;  27.679;  13.000;
2016-01-17T14:41:48+0100;  12.987;  27.737;  13.000;
2016-01-17T14:46:53+0100;  12.978;  27.734;  13.000;
2016-01-17T14:51:58+0100;  12.969;  27.774;  13.000;
2016-01-17T14:57:03+0100;  12.968;  27.775;  13.000;
2016-01-17T15:02:08+0100;  12.971;  27.775;  13.000;
2016-01-17T15:07:13+0100;  12.974;  27.759;  13.000;
2016-01-17T15:12:18+0100;  12.983;  27.772;  13.000;
2016-01-17T15:17:23+0100;  12.984;  27.731;  13.000;
2016-01-17T15:22:28+0100;  12.989;  27.694;  13.000;
2016-01-17T15:27:33+0100;  12.990;  27.695;  13.000;
2016-01-17T15:32:38+0100;  12.991;  27.755;  13.000;
2016-01-17T15:37:43+0100;  12.981;  27.729;  13.000;
2016-01-17T15:42:48+0100;  12.988;  27.700;  13.000;
2016-01-17T15:47:53+0100;  12.980;  27.748;  13.000;
2016-01-17T15:52:58+0100;  12.991;  27.724;  13.000;
2016-01-17T15:58:03+0100;  12.976;  27.775;  13.000;
2016-01-17T16:03:08+0100;  12.985;  27.718;  13.000;
2016-01-17T16:08:13+0100;  12.944;  27.734;  13.000;
2016-01-17T16:13:18+0100;  12.823;  27.770;  12.975;
2016-01-17T16:18:23+0100;  12.689;  27.870;  12.516;
2016-01-17T16:23:28+0100;  12.532;  28.023;  12.500;
2016-01-17T16:28:33+0100;  12.339;  28.120;  12.172;
2016-01-17T16:33:38+0100;  12.130;  28.229;  12.000;
2016-01-17T16:38:43+0100;  11.964;  28.314;  12.000;
2016-01-17T16:43:43+0100;  11.843;  28.320;  11.592;
2016-01-17T16:48:48+0100;  11.855;  28.277;  11.500;
2016-01-17T16:53:53+0100;  11.782;  28.229;  11.500;
2016-01-17T16:58:58+0100;  11.834;  28.152;  11.500;
2016-01-17T17:04:03+0100;  11.886;  27.993;  11.500;
2016-01-17T17:09:08+0100;  11.879;  27.870;  11.574;
2016-01-17T17:14:13+0100;  11.857;  27.865;  11.549;
2016-01-17T17:19:18+0100;  11.838;  27.795;  11.508;
2016-01-17T17:24:23+0100;  11.813;  27.769;  11.533;
2016-01-17T17:29:28+0100;  11.806;  27.827;  11.500;
2016-01-17T17:34:33+0100;  11.816;  27.747;  11.680;
2016-01-17T17:39:38+0100;  11.839;  27.793;  11.934;
2016-01-17T17:44:43+0100;  11.870;  27.747;  12.000;
2016-01-17T17:49:43+0100;  11.897;  27.739;  12.000;
2016-01-17T17:54:48+0100;  11.927;  27.678;  12.000;
2016-01-17T17:59:48+0100;  11.965;  27.658;  12.000;
2016-01-17T18:04:53+0100;  11.989;  27.655;  12.000;
2016-01-17T18:09:58+0100;  12.005;  27.655;  12.000;
2016-01-17T18:15:03+0100;  11.987;  27.655;  12.000;
2016-01-17T18:20:08+0100;  11.978;  27.655;  12.000;
2016-01-17T18:25:13+0100;  11.941;  27.655;  12.000;
2016-01-17T18:30:18+0100;  11.933;  27.655;  12.000;
2016-01-17T18:35:23+0100;  11.920;  27.655;  12.000;
2016-01-17T18:40:28+0100;  11.940;  27.639;  12.000;
2016-01-17T18:45:33+0100;  11.961;  27.557;  12.000;
2016-01-17T18:50:38+0100;  11.983;  27.557;  12.000;
2016-01-17T18:55:43+0100;  11.979;  27.557;  12.000;
2016-01-17T19:00:48+0100;  11.984;  27.557;  12.000;
2016-01-17T19:05:48+0100;  11.954;  27.557;  12.000;
2016-01-17T19:10:53+0100;  11.956;  27.548;  12.000;
2016-01-17T19:15:58+0100;  11.937;  27.557;  12.000;
2016-01-17T19:21:03+0100;  11.956;  27.508;  12.000;
2016-01-17T19:26:08+0100;  11.960;  27.466;  12.000;
2016-01-17T19:31:13+0100;  11.982;  27.466;  12.000;
2016-01-17T19:36:18+0100;  11.975;  27.466;  12.000;
2016-01-17T19:41:23+0100;  11.994;  27.439;  12.000;
2016-01-17T19:46:28+0100;  11.988;  27.419;  12.000;
2016-01-17T19:51:33+0100;  11.994;  27.375;  12.000;
2016-01-17T19:56:38+0100;  11.975;  27.397;  12.000;
2016-01-17T20:01:43+0100;  12.000;  27.368;  12.000;
2016-01-17T20:06:48+0100;  11.969;  27.368;  12.000;
2016-01-17T20:11:53+0100;  11.978;  27.365;  12.000;
2016-01-17T20:16:58+0100;  11.939;  27.368;  12.000;
2016-01-17T20:22:03+0100;  11.948;  27.368;  12.000;
2016-01-17T20:27:08+0100;  11.950;  27.290;  12.000;
2016-01-17T20:32:13+0100;  11.978;  27.271;  12.000;
2016-01-17T20:37:18+0100;  11.977;  27.271;  12.000;
2016-01-17T20:42:18+0100;  12.010;  27.194;  12.000;
2016-01-17T20:47:23+0100;  11.990;  27.236;  12.000;
2016-01-17T20:52:28+0100;  11.994;  27.183;  12.000;
2016-01-17T20:57:33+0100;  11.956;  27.265;  12.000;
2016-01-17T21:02:38+0100;  11.962;  27.225;  12.000;
2016-01-17T21:07:43+0100;  11.942;  27.192;  12.000;
2016-01-17T21:12:48+0100;  11.955;  27.179;  12.000;
2016-01-17T21:17:53+0100;  11.963;  27.179;  12.000;
2016-01-17T21:22:58+0100;  11.987;  27.177;  12.000;
2016-01-17T21:28:03+0100;  11.990;  27.121;  12.000;
2016-01-17T21:33:08+0100;  12.010;  27.128;  12.000;
2016-01-17T21:38:13+0100;  12.017;  27.081;  12.000;
2016-01-17T21:43:18+0100;  12.020;  27.081;  12.000;
2016-01-17T21:48:23+0100;  11.999;  27.081;  12.000;
2016-01-17T21:53:28+0100;  11.994;  27.081;  12.000;
2016-01-17T21:58:33+0100;  11.973;  27.083;  12.000;
2016-01-17T22:03:38+0100;  11.961;  27.080;  12.000;
2016-01-17T22:08:43+0100;  11.943;  27.081;  12.000;
2016-01-17T22:13:48+0100;  11.950;  27.051;  12.000;
2016-01-17T22:18:53+0100;  11.952;  27.038;  12.000;
2016-01-17T22:23:58+0100;  11.995;  26.984;  12.000;
2016-01-17T22:29:03+0100;  12.010;  26.967;  12.000;
2016-01-17T22:34:08+0100;  12.023;  26.892;  12.000;
2016-01-17T22:39:13+0100;  12.024;  26.900;  12.000;
2016-01-17T22:44:18+0100;  12.001;  26.943;  12.000;
2016-01-17T22:49:23+0100;  11.981;  26.978;  12.000;
2016-01-17T22:54:28+0100;  11.964;  26.984;  12.000;
2016-01-17T22:59:33+0100;  11.966;  26.934;  12.000;
2016-01-17T23:04:38+0100;  11.971;  26.892;  12.000;
2016-01-17T23:09:43+0100;  11.983;  26.892;  12.000;
2016-01-17T23:14:48+0100;  11.985;  26.892;  12.000;
2016-01-17T23:19:53+0100;  11.999;  26.909;  12.000;
2016-01-17T23:24:58+0100;  12.016;  26.873;  12.000;
2016-01-17T23:30:03+0100;  12.012;  26.847;  12.000;
2016-01-17T23:35:08+0100;  11.993;  26.866;  12.000;
2016-01-17T23:40:13+0100;  11.991;  26.818;  12.000;
2016-01-17T23:45:18+0100;  11.971;  26.802;  12.000;
2016-01-17T23:50:23+0100;  11.964;  26.818;  12.000;
2016-01-17T23:55:28+0100;  11.954;  26.801;  12.000;
2016-01-18T00:00:33+0100;  11.974;  26.794;  12.000;
2016-01-18T00:05:38+0100;  11.995;  26.769;  12.000;
2016-01-18T00:10:43+0100;  11.999;  26.707;  12.000;
2016-01-18T00:15:48+0100;  11.994;  26.703;  12.000;
2016-01-18T00:20:53+0100;  11.996;  26.727;  12.000;
2016-01-18T00:25:58+0100;  11.993;  26.703;  12.000;
2016-01-18T00:31:03+0100;  11.996;  26.715;  12.000;
2016-01-18T00:36:08+0100;  12.011;  26.703;  12.000;
2016-01-18T00:41:13+0100;  12.023;  26.679;  12.000;
2016-01-18T00:46:18+0100;  12.000;  26.703;  12.000;
2016-01-18T00:51:23+0100;  12.003;  26.703;  12.000;
2016-01-18T00:56:28+0100;  11.981;  26.703;  12.000;
2016-01-18T01:01:33+0100;  11.986;  26.703;  12.000;
2016-01-18T01:06:38+0100;  11.956;  26.704;  12.000;
2016-01-18T01:11:43+0100;  11.970;  26.701;  12.000;
2016-01-18T01:16:48+0100;  11.968;  26.669;  12.000;
2016-01-18T01:21:53+0100;  11.988;  26.650;  12.000;
2016-01-18T01:26:58+0100;  11.999;  26.607;  12.000;
2016-01-18T01:32:03+0100;  12.006;  26.613;  12.000;
2016-01-18T01:37:08+0100;  12.008;  26.605;  12.000;
2016-01-18T01:42:13+0100;  12.022;  26.639;  12.000;
2016-01-18T01:47:18+0100;  11.996;  26.610;  12.000;
2016-01-18T01:52:23+0100;  11.996;  26.608;  12.000;
2016-01-18T01:57:28+0100;  11.960;  26.605;  12.000;
2016-01-18T02:02:33+0100;  11.993;  26.591;  12.000;
2016-01-18T02:07:38+0100;  11.964;  26.605;  12.000;
2016-01-18T02:12:43+0100;  11.985;  26.600;  12.000;
2016-01-18T02:17:48+0100;  11.979;  26.562;  12.000;
2016-01-18T02:22:53+0100;  11.980;  26.602;  12.000;
2016-01-18T02:27:58+0100;  11.951;  26.602;  12.000;
2016-01-18T02:33:03+0100;  11.969;  26.527;  12.000;
2016-01-18T02:38:08+0100;  11.970;  26.541;  12.000;
2016-01-18T02:43:13+0100;  11.985;  26.508;  12.000;
2016-01-18T02:48:18+0100;  11.986;  26.565;  12.000;
2016-01-18T02:53:23+0100;  11.996;  26.527;  12.000;
2016-01-18T02:58:28+0100;  12.002;  26.508;  12.000;
2016-01-18T03:03:33+0100;  12.008;  26.511;  12.000;
2016-01-18T03:08:38+0100;  12.004;  26.508;  12.000;
2016-01-18T03:13:43+0100;  12.000;  26.508;  12.000;
2016-01-18T03:18:48+0100;  11.987;  26.508;  12.000;
2016-01-18T03:23:53+0100;  11.976;  26.530;  12.000;
2016-01-18T03:28:58+0100;  11.967;  26.546;  12.000;
2016-01-18T03:34:03+0100;  11.975;  26.508;  12.000;
2016-01-18T03:39:08+0100;  11.956;  26.516;  12.000;
2016-01-18T03:44:13+0100;  11.981;  26.508;  12.000;
2016-01-18T03:49:18+0100;  11.978;  26.508;  12.000;
2016-01-18T03:54:23+0100;  11.980;  26.508;  12.000;
2016-01-18T03:59:28+0100;  12.000;  26.508;  12.000;
2016-01-18T04:04:33+0100;  12.008;  26.491;  12.000;
2016-01-18T04:09:38+0100;  12.006;  26.508;  12.000;
2016-01-18T04:14:43+0100;  12.009;  26.508;  12.000;
2016-01-18T04:19:43+0100;  12.003;  26.508;  12.000;
2016-01-18T04:24:48+0100;  11.987;  26.506;  12.000;
2016-01-18T04:29:53+0100;  11.989;  26.508;  12.000;
2016-01-18T04:34:58+0100;  11.979;  26.508;  12.000;
2016-01-18T04:40:03+0100;  11.983;  26.508;  12.000;
2016-01-18T04:45:08+0100;  11.981;  26.508;  12.000;
2016-01-18T04:50:13+0100;  11.992;  26.508;  12.000;
2016-01-18T04:55:18+0100;  11.997;  26.508;  12.000;
2016-01-18T05:00:23+0100;  11.995;  26.509;  12.000;
2016-01-18T05:05:28+0100;  11.983;  26.508;  12.000;
2016-01-18T05:10:33+0100;  11.977;  26.508;  12.000;
2016-01-18T05:15:38+0100;  11.961;  26.508;  12.000;
2016-01-18T05:20:43+0100;  11.954;  26.508;  12.000;
2016-01-18T05:25:48+0100;  11.954;  26.508;  12.000;
2016-01-18T05:30:53+0100;  11.985;  26.509;  12.000;
2016-01-18T05:35:58+0100;  11.998;  26.509;  12.000;
2016-01-18T05:41:03+0100;  12.012;  26.511;  12.000;
2016-01-18T05:46:08+0100;  12.020;  26.538;  12.000;
2016-01-18T05:51:13+0100;  12.028;  26.525;  12.000;
2016-01-18T05:56:18+0100;  12.003;  26.584;  12.000;
2016-01-18T06:01:23+0100;  12.005;  26.605;  12.000;
2016-01-18T06:06:28+0100;  11.975;  26.605;  12.000;
2016-01-18T06:11:33+0100;  11.996;  26.605;  12.000;
2016-01-18T06:16:38+0100;  11.980;  26.605;  12.000;
2016-01-18T06:21:43+0100;  11.997;  26.605;  12.000;
2016-01-18T06:26:48+0100;  11.996;  26.605;  12.000;
2016-01-18T06:31:53+0100;  12.016;  26.599;  12.000;
2016-01-18T06:36:58+0100;  11.994;  26.605;  12.000;
2016-01-18T06:42:03+0100;  11.994;  26.605;  12.000;
2016-01-18T06:47:08+0100;  11.968;  26.632;  12.000;
2016-01-18T06:52:13+0100;  11.975;  26.650;  12.000;
2016-01-18T06:57:18+0100;  11.945;  26.703;  12.000;
