2016-01-09T02:31:33+0100;  19.470;  33.942;  19.000;
2016-01-09T02:36:38+0100;  19.284;  33.629;  19.000;
2016-01-09T02:41:43+0100;  18.998;  33.963;  18.697;
2016-01-09T02:46:48+0100;  18.719;  34.384;  18.500;
2016-01-09T02:51:53+0100;  18.548;  34.573;  18.475;
2016-01-09T02:56:58+0100;  18.405;  34.718;  18.066;
2016-01-09T03:02:03+0100;  18.304;  34.779;  18.000;
2016-01-09T03:07:08+0100;  18.221;  34.807;  18.000;
2016-01-09T03:12:13+0100;  18.130;  34.856;  18.000;
2016-01-09T03:17:13+0100;  18.050;  34.907;  18.000;
2016-01-09T03:22:18+0100;  18.006;  34.875;  18.000;
2016-01-09T03:27:23+0100;  17.947;  34.856;  17.984;
2016-01-09T03:32:28+0100;  17.867;  34.926;  17.549;
2016-01-09T03:37:33+0100;  17.835;  34.910;  17.500;
2016-01-09T03:42:38+0100;  17.810;  34.837;  17.500;
2016-01-09T03:47:43+0100;  17.765;  34.825;  17.500;
2016-01-09T03:52:43+0100;  17.714;  34.829;  17.500;
2016-01-09T03:57:48+0100;  17.687;  34.803;  17.500;
2016-01-09T04:02:53+0100;  17.648;  34.807;  17.500;
2016-01-09T04:07:58+0100;  17.617;  34.778;  17.500;
2016-01-09T04:13:03+0100;  17.590;  34.717;  17.500;
2016-01-09T04:18:08+0100;  17.553;  34.711;  17.500;
2016-01-09T04:23:13+0100;  17.519;  34.682;  17.500;
2016-01-09T04:28:18+0100;  17.487;  34.656;  17.500;
2016-01-09T04:33:23+0100;  17.456;  34.651;  17.500;
2016-01-09T04:38:28+0100;  17.440;  34.592;  17.500;
2016-01-09T04:43:33+0100;  17.398;  34.632;  17.500;
2016-01-09T04:48:38+0100;  17.377;  34.610;  17.475;
2016-01-09T04:53:43+0100;  17.334;  34.568;  17.434;
2016-01-09T04:58:48+0100;  17.312;  34.549;  17.385;
2016-01-09T05:03:53+0100;  17.282;  34.560;  17.090;
2016-01-09T05:08:58+0100;  17.247;  34.591;  17.000;
2016-01-09T05:14:03+0100;  17.231;  34.515;  17.000;
2016-01-09T05:19:08+0100;  17.221;  34.491;  17.000;
2016-01-09T05:24:14+0100;  17.199;  34.478;  17.000;
2016-01-09T05:29:18+0100;  17.176;  34.438;  17.000;
2016-01-09T05:34:23+0100;  17.154;  34.404;  17.000;
2016-01-09T05:39:28+0100;  17.133;  34.396;  17.000;
2016-01-09T05:44:33+0100;  17.114;  34.340;  17.000;
2016-01-09T05:49:38+0100;  17.090;  34.367;  17.000;
2016-01-09T05:54:43+0100;  17.068;  34.327;  17.000;
2016-01-09T05:59:48+0100;  17.049;  34.374;  17.000;
2016-01-09T06:04:54+0100;  17.034;  34.365;  17.000;
2016-01-09T06:09:58+0100;  17.014;  34.329;  17.000;
2016-01-09T06:15:03+0100;  16.995;  34.343;  17.000;
2016-01-09T06:20:08+0100;  16.976;  34.313;  17.000;
2016-01-09T06:25:13+0100;  16.960;  34.322;  17.000;
2016-01-09T06:30:13+0100;  16.937;  34.401;  17.000;
2016-01-09T06:35:18+0100;  16.922;  34.406;  17.000;
2016-01-09T06:40:23+0100;  16.903;  34.406;  17.000;
2016-01-09T06:45:28+0100;  16.888;  34.399;  17.000;
2016-01-09T06:50:28+0100;  16.870;  34.406;  17.000;
2016-01-09T06:55:33+0100;  16.859;  34.402;  17.000;
2016-01-09T07:00:38+0100;  16.841;  34.393;  17.000;
2016-01-09T07:05:43+0100;  16.825;  34.394;  16.984;
2016-01-09T07:10:48+0100;  16.811;  34.346;  17.000;
2016-01-09T07:15:53+0100;  16.792;  34.393;  16.934;
2016-01-09T07:20:58+0100;  16.783;  34.378;  16.852;
2016-01-09T07:26:03+0100;  16.766;  34.359;  16.697;
2016-01-09T07:31:08+0100;  16.750;  34.343;  16.549;
2016-01-09T07:36:13+0100;  16.741;  34.358;  16.500;
2016-01-09T07:41:18+0100;  16.722;  34.373;  16.500;
2016-01-09T07:46:23+0100;  16.712;  34.325;  16.500;
2016-01-09T07:51:28+0100;  16.700;  34.312;  16.500;
2016-01-09T07:56:33+0100;  16.686;  34.309;  16.500;
2016-01-09T08:01:38+0100;  16.676;  34.328;  16.500;
2016-01-09T08:06:43+0100;  16.663;  34.339;  16.500;
2016-01-09T08:11:48+0100;  16.656;  34.301;  16.500;
2016-01-09T08:16:53+0100;  16.643;  34.294;  16.500;
2016-01-09T08:21:58+0100;  16.631;  34.318;  16.500;
2016-01-09T08:27:03+0100;  16.616;  34.302;  16.500;
2016-01-09T08:32:08+0100;  16.601;  34.291;  16.500;
2016-01-09T08:37:13+0100;  16.586;  34.307;  16.500;
2016-01-09T08:42:18+0100;  16.578;  34.290;  16.500;
2016-01-09T08:47:23+0100;  16.570;  34.294;  16.500;
2016-01-09T08:52:28+0100;  16.562;  34.290;  16.500;
2016-01-09T08:57:33+0100;  16.551;  34.291;  16.500;
2016-01-09T09:02:38+0100;  16.542;  34.294;  16.500;
2016-01-09T09:07:43+0100;  16.538;  34.290;  16.500;
2016-01-09T09:12:48+0100;  16.526;  34.290;  16.500;
2016-01-09T09:17:53+0100;  16.516;  34.290;  16.500;
2016-01-09T09:22:58+0100;  16.506;  34.290;  16.500;
2016-01-09T09:28:03+0100;  16.496;  34.290;  16.500;
2016-01-09T09:33:08+0100;  16.490;  34.290;  16.500;
2016-01-09T09:38:13+0100;  16.483;  34.290;  16.500;
2016-01-09T09:43:18+0100;  16.475;  34.290;  16.500;
2016-01-09T09:48:23+0100;  16.464;  34.293;  16.500;
2016-01-09T09:53:28+0100;  16.458;  34.290;  16.500;
2016-01-09T09:58:33+0100;  16.443;  34.290;  16.500;
2016-01-09T10:03:34+0100;  16.433;  34.290;  16.500;
2016-01-09T10:08:38+0100;  16.427;  34.290;  16.500;
2016-01-09T10:13:43+0100;  16.422;  34.290;  16.500;
2016-01-09T10:18:48+0100;  16.418;  34.290;  16.500;
2016-01-09T10:23:53+0100;  16.414;  34.290;  16.500;
2016-01-09T10:28:58+0100;  16.406;  34.290;  16.500;
2016-01-09T10:34:03+0100;  16.395;  34.290;  16.500;
2016-01-09T10:39:08+0100;  16.397;  34.290;  16.500;
2016-01-09T10:44:13+0100;  16.391;  34.290;  16.500;
2016-01-09T10:49:13+0100;  16.389;  34.290;  16.500;
2016-01-09T10:54:18+0100;  16.381;  34.290;  16.500;
2016-01-09T10:59:23+0100;  16.370;  34.290;  16.500;
2016-01-09T11:04:28+0100;  16.366;  34.290;  16.500;
2016-01-09T11:09:33+0100;  16.363;  34.290;  16.500;
2016-01-09T11:14:38+0100;  16.354;  34.290;  16.500;
2016-01-09T11:19:43+0100;  16.352;  34.290;  16.500;
2016-01-09T11:24:48+0100;  16.348;  34.290;  16.500;
2016-01-09T11:29:53+0100;  16.347;  34.290;  16.500;
2016-01-09T11:34:58+0100;  16.345;  34.290;  16.500;
2016-01-09T11:40:03+0100;  16.336;  34.290;  16.500;
2016-01-09T11:45:08+0100;  16.284;  34.434;  16.443;
2016-01-09T11:50:13+0100;  16.373;  34.260;  16.500;
2016-01-09T11:55:18+0100;  16.476;  34.169;  16.500;
2016-01-09T12:00:23+0100;  16.519;  34.110;  16.500;
2016-01-09T12:05:28+0100;  16.535;  34.147;  16.500;
2016-01-09T12:10:33+0100;  16.553;  34.152;  16.500;
2016-01-09T12:15:38+0100;  16.566;  34.145;  16.500;
2016-01-09T12:20:43+0100;  16.582;  34.100;  16.500;
2016-01-09T12:25:48+0100;  16.605;  34.100;  16.500;
2016-01-09T12:30:53+0100;  16.635;  34.100;  16.500;
2016-01-09T12:35:58+0100;  16.655;  34.100;  16.500;
2016-01-09T12:41:03+0100;  16.673;  34.100;  16.549;
2016-01-09T12:46:08+0100;  16.686;  34.100;  16.754;
2016-01-09T12:51:13+0100;  16.693;  34.100;  16.918;
2016-01-09T12:56:18+0100;  16.712;  34.101;  17.000;
2016-01-09T13:01:23+0100;  16.722;  34.105;  17.000;
2016-01-09T13:06:28+0100;  16.740;  34.101;  17.000;
2016-01-09T13:11:28+0100;  16.752;  34.097;  17.000;
2016-01-09T13:16:33+0100;  16.763;  34.021;  17.000;
2016-01-09T13:21:38+0100;  16.780;  34.024;  17.000;
2016-01-09T13:26:43+0100;  16.789;  34.021;  17.000;
2016-01-09T13:31:48+0100;  16.798;  34.021;  17.000;
2016-01-09T13:36:53+0100;  16.817;  34.021;  17.000;
2016-01-09T13:41:58+0100;  16.823;  34.021;  17.000;
2016-01-09T13:47:03+0100;  16.832;  34.021;  17.000;
2016-01-09T13:52:08+0100;  16.849;  34.021;  17.000;
2016-01-09T13:57:13+0100;  16.858;  34.021;  17.000;
2016-01-09T14:02:18+0100;  16.867;  34.021;  17.000;
2016-01-09T14:07:23+0100;  16.868;  34.021;  17.000;
2016-01-09T14:12:28+0100;  16.878;  34.021;  17.000;
2016-01-09T14:17:33+0100;  16.891;  34.021;  17.000;
2016-01-09T14:22:38+0100;  16.897;  34.021;  17.000;
2016-01-09T14:27:43+0100;  16.902;  34.021;  17.000;
2016-01-09T14:32:48+0100;  16.909;  34.021;  17.000;
2016-01-09T14:37:53+0100;  16.910;  34.019;  17.000;
2016-01-09T14:42:58+0100;  16.922;  34.008;  17.000;
2016-01-09T14:48:03+0100;  16.931;  34.000;  17.000;
2016-01-09T14:53:08+0100;  16.960;  33.923;  17.000;
2016-01-09T14:58:08+0100;  16.985;  33.923;  17.000;
2016-01-09T15:03:13+0100;  17.014;  33.923;  17.000;
2016-01-09T15:08:18+0100;  17.032;  33.923;  17.000;
2016-01-09T15:13:23+0100;  17.044;  33.923;  17.000;
2016-01-09T15:18:28+0100;  17.061;  33.899;  17.000;
2016-01-09T15:23:33+0100;  17.071;  33.871;  17.000;
2016-01-09T15:28:38+0100;  17.089;  33.836;  17.000;
2016-01-09T15:33:43+0100;  17.098;  33.832;  17.000;
2016-01-09T15:38:48+0100;  17.575;  34.704;  17.590;
2016-01-09T15:43:53+0100;  18.316;  35.240;  18.180;
2016-01-09T15:48:58+0100;  18.534;  35.168;  18.500;
2016-01-09T15:54:03+0100;  18.197;  34.629;  18.344;
2016-01-09T15:59:08+0100;  17.959;  34.418;  18.000;
2016-01-09T16:04:13+0100;  17.836;  34.344;  18.000;
2016-01-09T16:09:18+0100;  17.775;  34.311;  18.000;
2016-01-09T16:14:23+0100;  17.750;  34.247;  17.992;
2016-01-09T16:19:28+0100;  17.739;  34.218;  17.943;
2016-01-09T16:24:33+0100;  17.720;  34.162;  17.705;
2016-01-09T16:29:38+0100;  17.715;  34.167;  17.566;
2016-01-09T16:34:43+0100;  17.708;  34.149;  17.516;
2016-01-09T16:39:48+0100;  17.709;  34.149;  17.557;
2016-01-09T16:44:53+0100;  17.721;  34.113;  17.557;
2016-01-09T16:49:58+0100;  17.727;  34.067;  17.566;
2016-01-09T16:55:03+0100;  17.726;  34.058;  17.631;
2016-01-09T17:00:08+0100;  17.717;  34.058;  17.615;
2016-01-09T17:05:14+0100;  17.734;  34.059;  17.598;
2016-01-09T17:10:18+0100;  17.738;  34.058;  17.697;
2016-01-09T17:15:23+0100;  17.731;  34.062;  17.787;
2016-01-09T17:20:28+0100;  17.720;  34.062;  17.869;
2016-01-09T17:25:33+0100;  17.727;  34.058;  17.893;
2016-01-09T17:30:38+0100;  17.713;  34.061;  17.820;
2016-01-09T17:35:43+0100;  17.727;  34.059;  17.951;
2016-01-09T17:40:48+0100;  17.744;  34.058;  17.992;
2016-01-09T17:45:53+0100;  17.751;  34.059;  18.000;
2016-01-09T17:50:58+0100;  17.739;  34.058;  18.000;
2016-01-09T17:56:03+0100;  17.749;  34.065;  18.000;
2016-01-09T18:01:08+0100;  17.746;  34.080;  18.000;
2016-01-09T18:06:13+0100;  17.764;  34.059;  18.000;
2016-01-09T18:11:18+0100;  17.769;  34.058;  18.000;
2016-01-09T18:16:23+0100;  17.769;  34.058;  18.000;
2016-01-09T18:21:28+0100;  17.756;  34.094;  17.926;
2016-01-09T18:26:33+0100;  17.686;  34.159;  17.500;
2016-01-09T18:31:38+0100;  17.623;  34.072;  17.500;
2016-01-09T18:36:43+0100;  17.515;  34.192;  17.500;
2016-01-09T18:41:48+0100;  17.461;  34.208;  17.500;
2016-01-09T18:46:53+0100;  17.432;  34.218;  17.500;
2016-01-09T18:51:58+0100;  17.426;  34.144;  17.500;
2016-01-09T18:57:03+0100;  17.397;  34.152;  17.500;
2016-01-09T19:02:08+0100;  17.355;  34.167;  17.500;
2016-01-09T19:07:13+0100;  17.317;  34.221;  17.500;
2016-01-09T19:12:18+0100;  17.287;  34.229;  17.361;
2016-01-09T19:17:23+0100;  17.264;  34.229;  17.057;
2016-01-09T19:22:28+0100;  17.243;  34.229;  17.000;
2016-01-09T19:27:33+0100;  17.229;  34.229;  17.000;
2016-01-09T19:32:38+0100;  17.207;  34.229;  17.000;
2016-01-09T19:37:43+0100;  17.176;  34.228;  17.000;
2016-01-09T19:42:48+0100;  17.146;  34.218;  17.000;
2016-01-09T19:47:53+0100;  17.118;  34.216;  17.000;
2016-01-09T19:52:58+0100;  17.101;  34.216;  17.000;
2016-01-09T19:58:03+0100;  17.086;  34.216;  17.000;
2016-01-09T20:03:08+0100;  17.067;  34.216;  17.000;
2016-01-09T20:08:13+0100;  17.051;  34.216;  17.000;
2016-01-09T20:13:18+0100;  17.039;  34.216;  17.000;
2016-01-09T20:18:23+0100;  17.020;  34.216;  17.000;
2016-01-09T20:23:29+0100;  17.008;  34.216;  17.000;
2016-01-09T20:28:33+0100;  16.988;  34.216;  17.000;
2016-01-09T20:33:38+0100;  16.965;  34.243;  17.000;
2016-01-09T20:38:43+0100;  16.952;  34.239;  17.000;
2016-01-09T20:43:48+0100;  16.920;  34.305;  17.000;
2016-01-09T20:48:53+0100;  16.901;  34.308;  17.000;
2016-01-09T20:53:58+0100;  16.884;  34.308;  17.000;
2016-01-09T20:59:03+0100;  16.867;  34.308;  17.000;
2016-01-09T21:04:08+0100;  16.850;  34.308;  17.000;
2016-01-09T21:09:13+0100;  16.836;  34.308;  17.000;
2016-01-09T21:14:18+0100;  16.817;  34.308;  17.000;
2016-01-09T21:19:23+0100;  16.797;  34.308;  17.000;
2016-01-09T21:24:28+0100;  16.788;  34.308;  16.975;
2016-01-09T21:29:33+0100;  16.772;  34.308;  16.861;
2016-01-09T21:34:38+0100;  16.753;  34.308;  16.664;
2016-01-09T21:39:43+0100;  16.742;  34.307;  16.533;
2016-01-09T21:44:48+0100;  16.731;  34.301;  16.500;
2016-01-09T21:49:53+0100;  16.715;  34.290;  16.500;
2016-01-09T21:54:58+0100;  16.709;  34.290;  16.500;
2016-01-09T22:00:03+0100;  16.688;  34.290;  16.500;
2016-01-09T22:05:08+0100;  16.680;  34.294;  16.500;
2016-01-09T22:10:13+0100;  16.667;  34.299;  16.500;
2016-01-09T22:15:18+0100;  16.657;  34.302;  16.500;
2016-01-09T22:20:23+0100;  16.648;  34.358;  16.500;
2016-01-09T22:25:28+0100;  16.642;  34.342;  16.500;
2016-01-09T22:30:33+0100;  16.623;  34.362;  16.500;
2016-01-09T22:35:38+0100;  16.607;  34.387;  16.500;
2016-01-09T22:40:43+0100;  16.598;  34.387;  16.500;
2016-01-09T22:45:48+0100;  16.584;  34.387;  16.500;
2016-01-09T22:50:53+0100;  16.575;  34.387;  16.500;
2016-01-09T22:55:58+0100;  16.570;  34.387;  16.500;
2016-01-09T23:01:03+0100;  16.561;  34.387;  16.500;
2016-01-09T23:06:08+0100;  16.544;  34.387;  16.500;
2016-01-09T23:11:13+0100;  16.533;  34.387;  16.500;
2016-01-09T23:16:18+0100;  16.521;  34.387;  16.500;
2016-01-09T23:21:23+0100;  16.506;  34.387;  16.500;
2016-01-09T23:26:28+0100;  16.504;  34.387;  16.500;
2016-01-09T23:31:33+0100;  16.499;  34.389;  16.500;
2016-01-09T23:36:38+0100;  16.496;  34.387;  16.500;
2016-01-09T23:41:43+0100;  16.492;  34.387;  16.500;
2016-01-09T23:46:48+0100;  16.484;  34.395;  16.500;
2016-01-09T23:51:53+0100;  16.476;  34.418;  16.500;
2016-01-09T23:56:58+0100;  16.468;  34.462;  16.500;
2016-01-10T00:02:03+0100;  16.465;  34.429;  16.500;
2016-01-10T00:07:08+0100;  16.459;  34.485;  16.500;
2016-01-10T00:12:13+0100;  16.448;  34.485;  16.500;
2016-01-10T00:17:18+0100;  16.430;  34.485;  16.500;
2016-01-10T00:22:23+0100;  16.423;  34.485;  16.500;
2016-01-10T00:27:28+0100;  16.420;  34.485;  16.500;
2016-01-10T00:32:33+0100;  16.414;  34.485;  16.500;
2016-01-10T00:37:38+0100;  16.409;  34.485;  16.500;
2016-01-10T00:42:43+0100;  16.406;  34.485;  16.500;
2016-01-10T00:47:48+0100;  16.400;  34.485;  16.500;
2016-01-10T00:52:53+0100;  16.397;  34.485;  16.500;
2016-01-10T00:57:58+0100;  16.392;  34.485;  16.500;
2016-01-10T01:03:03+0100;  16.387;  34.485;  16.500;
2016-01-10T01:08:08+0100;  16.378;  34.499;  16.500;
2016-01-10T01:13:13+0100;  16.378;  34.502;  16.500;
2016-01-10T01:18:18+0100;  16.371;  34.534;  16.500;
2016-01-10T01:23:23+0100;  16.366;  34.575;  16.500;
2016-01-10T01:28:28+0100;  16.364;  34.583;  16.500;
2016-01-10T01:33:33+0100;  16.360;  34.583;  16.500;
2016-01-10T01:38:38+0100;  16.354;  34.583;  16.500;
2016-01-10T01:43:43+0100;  16.347;  34.583;  16.500;
2016-01-10T01:48:48+0100;  16.350;  34.583;  16.500;
2016-01-10T01:53:53+0100;  16.348;  34.583;  16.500;
2016-01-10T01:58:58+0100;  16.344;  34.583;  16.500;
2016-01-10T02:04:03+0100;  16.343;  34.583;  16.500;
2016-01-10T02:09:08+0100;  16.343;  34.583;  16.500;
2016-01-10T02:14:13+0100;  16.346;  34.589;  16.500;
2016-01-10T02:19:14+0100;  16.334;  34.639;  16.500;
2016-01-10T02:24:18+0100;  16.334;  34.674;  16.500;
2016-01-10T02:29:23+0100;  16.332;  34.674;  16.500;
2016-01-10T02:34:28+0100;  16.322;  34.674;  16.500;
2016-01-10T02:39:33+0100;  16.323;  34.674;  16.500;
2016-01-10T02:44:38+0100;  16.321;  34.674;  16.500;
2016-01-10T02:49:43+0100;  16.323;  34.674;  16.500;
2016-01-10T02:54:48+0100;  16.319;  34.674;  16.500;
2016-01-10T02:59:53+0100;  16.317;  34.674;  16.500;
2016-01-10T03:04:58+0100;  16.317;  34.674;  16.500;
2016-01-10T03:09:58+0100;  16.317;  34.677;  16.500;
2016-01-10T03:15:03+0100;  16.314;  34.733;  16.500;
2016-01-10T03:20:08+0100;  16.312;  34.772;  16.500;
2016-01-10T03:25:13+0100;  16.311;  34.772;  16.500;
2016-01-10T03:30:18+0100;  16.311;  34.772;  16.500;
2016-01-10T03:35:23+0100;  16.310;  34.772;  16.500;
2016-01-10T03:40:28+0100;  16.307;  34.772;  16.500;
2016-01-10T03:45:28+0100;  16.308;  34.772;  16.500;
2016-01-10T03:50:33+0100;  16.306;  34.772;  16.500;
2016-01-10T03:55:38+0100;  16.304;  34.772;  16.500;
2016-01-10T04:00:43+0100;  16.304;  34.789;  16.500;
2016-01-10T04:05:48+0100;  16.301;  34.845;  16.500;
2016-01-10T04:10:53+0100;  16.300;  34.866;  16.500;
2016-01-10T04:15:58+0100;  16.301;  34.869;  16.500;
2016-01-10T04:20:58+0100;  16.298;  34.869;  16.500;
2016-01-10T04:26:03+0100;  16.297;  34.869;  16.500;
2016-01-10T04:31:08+0100;  16.295;  34.869;  16.500;
2016-01-10T04:36:13+0100;  16.291;  34.869;  16.500;
2016-01-10T04:41:18+0100;  16.295;  34.869;  16.500;
2016-01-10T04:46:23+0100;  16.293;  34.869;  16.500;
2016-01-10T04:51:28+0100;  16.296;  34.869;  16.500;
2016-01-10T04:56:33+0100;  16.290;  34.890;  16.500;
2016-01-10T05:01:38+0100;  16.290;  34.934;  16.500;
2016-01-10T05:06:43+0100;  16.287;  34.961;  16.500;
2016-01-10T05:11:48+0100;  16.289;  34.961;  16.500;
2016-01-10T05:16:53+0100;  16.291;  34.961;  16.500;
2016-01-10T05:21:58+0100;  16.293;  34.961;  16.500;
2016-01-10T05:27:03+0100;  16.292;  34.961;  16.500;
2016-01-10T05:32:08+0100;  16.288;  34.961;  16.500;
2016-01-10T05:37:13+0100;  16.287;  34.961;  16.500;
2016-01-10T05:42:18+0100;  16.290;  34.961;  16.500;
2016-01-10T05:47:23+0100;  16.286;  34.961;  16.500;
2016-01-10T05:52:28+0100;  16.287;  34.961;  16.500;
2016-01-10T05:57:33+0100;  16.283;  35.011;  16.500;
2016-01-10T06:02:38+0100;  16.281;  35.049;  16.500;
2016-01-10T06:07:43+0100;  16.285;  35.030;  16.500;
2016-01-10T06:12:48+0100;  16.282;  35.052;  16.500;
2016-01-10T06:17:53+0100;  16.283;  35.059;  16.500;
2016-01-10T06:22:58+0100;  16.286;  35.059;  16.500;
2016-01-10T06:28:03+0100;  16.285;  35.059;  16.500;
2016-01-10T06:33:08+0100;  16.286;  35.059;  16.500;
2016-01-10T06:38:13+0100;  16.284;  35.059;  16.500;
2016-01-10T06:43:18+0100;  16.286;  35.059;  16.500;
2016-01-10T06:48:23+0100;  16.287;  35.059;  16.500;
2016-01-10T06:53:28+0100;  16.283;  35.059;  16.500;
2016-01-10T06:58:33+0100;  16.284;  35.060;  16.500;
2016-01-10T07:03:38+0100;  16.288;  35.059;  16.500;
2016-01-10T07:08:43+0100;  16.287;  35.060;  16.500;
2016-01-10T07:13:48+0100;  16.283;  35.089;  16.500;
2016-01-10T07:18:53+0100;  16.285;  35.145;  16.500;
2016-01-10T07:23:58+0100;  16.288;  35.155;  16.500;
2016-01-10T07:29:03+0100;  16.285;  35.156;  16.500;
2016-01-10T07:34:08+0100;  16.280;  35.156;  16.500;
2016-01-10T07:39:13+0100;  16.281;  35.156;  16.500;
2016-01-10T07:44:18+0100;  16.283;  35.156;  16.500;
2016-01-10T07:49:23+0100;  16.280;  35.156;  16.500;
2016-01-10T07:54:28+0100;  16.283;  35.156;  16.500;
2016-01-10T07:59:33+0100;  16.285;  35.156;  16.500;
2016-01-10T08:04:38+0100;  16.287;  35.156;  16.500;
2016-01-10T08:09:43+0100;  16.287;  35.156;  16.500;
2016-01-10T08:14:48+0100;  16.288;  35.161;  16.500;
2016-01-10T08:19:53+0100;  16.286;  35.198;  16.500;
2016-01-10T08:24:58+0100;  16.285;  35.236;  16.500;
2016-01-10T08:30:03+0100;  16.285;  35.248;  16.500;
2016-01-10T08:35:08+0100;  16.283;  35.248;  16.500;
2016-01-10T08:40:13+0100;  16.286;  35.248;  16.500;
2016-01-10T08:45:18+0100;  16.283;  35.248;  16.500;
2016-01-10T08:50:23+0100;  16.283;  35.248;  16.500;
2016-01-10T08:55:28+0100;  16.284;  35.248;  16.500;
2016-01-10T09:00:33+0100;  16.289;  35.248;  16.500;
2016-01-10T09:05:38+0100;  16.289;  35.248;  16.500;
2016-01-10T09:10:43+0100;  16.289;  35.248;  16.500;
2016-01-10T09:15:48+0100;  16.288;  35.248;  16.500;
2016-01-10T09:20:53+0100;  16.290;  35.248;  16.500;
2016-01-10T09:25:58+0100;  16.293;  35.248;  16.500;
2016-01-10T09:31:03+0100;  16.289;  35.249;  16.500;
2016-01-10T09:36:08+0100;  16.289;  35.253;  16.500;
2016-01-10T09:41:13+0100;  16.286;  35.283;  16.500;
2016-01-10T09:46:18+0100;  16.284;  35.339;  16.500;
2016-01-10T09:51:18+0100;  16.289;  35.316;  16.500;
2016-01-10T09:56:23+0100;  16.297;  35.296;  16.500;
2016-01-10T10:01:28+0100;  16.303;  35.301;  16.500;
2016-01-10T10:06:33+0100;  16.303;  35.341;  16.500;
2016-01-10T10:11:38+0100;  16.300;  35.345;  16.500;
2016-01-10T10:16:43+0100;  16.302;  35.345;  16.500;
2016-01-10T10:21:48+0100;  16.301;  35.345;  16.500;
2016-01-10T10:26:53+0100;  16.302;  35.345;  16.500;
2016-01-10T10:31:58+0100;  16.302;  35.345;  16.500;
2016-01-10T10:37:03+0100;  16.303;  35.345;  16.500;
2016-01-10T10:42:08+0100;  16.306;  35.345;  16.500;
2016-01-10T10:47:13+0100;  16.306;  35.345;  16.500;
2016-01-10T10:52:18+0100;  16.263;  35.466;  16.369;
2016-01-10T10:57:23+0100;  16.235;  35.629;  16.156;
2016-01-10T11:02:28+0100;  16.399;  35.352;  16.500;
2016-01-10T11:07:33+0100;  16.527;  35.201;  16.500;
2016-01-10T11:12:38+0100;  16.600;  35.156;  16.500;
2016-01-10T11:17:43+0100;  16.640;  35.156;  16.689;
2016-01-10T11:22:48+0100;  16.657;  35.156;  16.959;
2016-01-10T11:27:53+0100;  16.687;  35.156;  17.000;
2016-01-10T11:32:58+0100;  16.727;  35.164;  17.000;
2016-01-10T11:38:03+0100;  16.752;  35.174;  17.000;
2016-01-10T11:43:08+0100;  16.786;  35.175;  17.000;
2016-01-10T11:48:13+0100;  16.823;  35.175;  17.000;
2016-01-10T11:53:18+0100;  16.851;  35.146;  17.000;
2016-01-10T11:58:23+0100;  16.881;  35.151;  17.000;
2016-01-10T12:03:28+0100;  16.908;  35.109;  17.000;
2016-01-10T12:08:33+0100;  16.937;  35.083;  17.000;
2016-01-10T12:13:38+0100;  16.959;  35.125;  17.000;
2016-01-10T12:18:43+0100;  16.987;  35.080;  17.000;
2016-01-10T12:23:48+0100;  17.009;  35.109;  17.000;
2016-01-10T12:28:53+0100;  17.043;  35.088;  17.000;
2016-01-10T12:33:58+0100;  17.056;  35.077;  17.000;
2016-01-10T12:39:03+0100;  17.083;  35.077;  17.000;
2016-01-10T12:44:08+0100;  17.105;  35.080;  17.000;
2016-01-10T12:49:13+0100;  17.129;  35.077;  17.016;
2016-01-10T12:54:18+0100;  17.144;  35.079;  17.115;
2016-01-10T12:59:23+0100;  17.163;  35.090;  17.303;
2016-01-10T13:04:28+0100;  17.194;  35.097;  17.451;
2016-01-10T13:09:33+0100;  17.218;  35.095;  17.500;
2016-01-10T13:14:38+0100;  17.236;  35.095;  17.500;
2016-01-10T13:19:43+0100;  17.254;  35.095;  17.500;
2016-01-10T13:24:48+0100;  17.271;  35.095;  17.500;
2016-01-10T13:29:53+0100;  17.285;  35.095;  17.500;
2016-01-10T13:34:58+0100;  17.303;  35.095;  17.500;
2016-01-10T13:40:03+0100;  17.315;  35.095;  17.500;
2016-01-10T13:45:08+0100;  17.338;  35.095;  17.500;
2016-01-10T13:50:13+0100;  17.353;  35.095;  17.500;
2016-01-10T13:55:18+0100;  17.380;  35.095;  17.500;
2016-01-10T14:00:23+0100;  17.398;  35.095;  17.500;
2016-01-10T14:05:28+0100;  17.417;  35.095;  17.500;
2016-01-10T14:10:33+0100;  17.426;  35.095;  17.500;
2016-01-10T14:15:38+0100;  17.440;  35.095;  17.500;
2016-01-10T14:20:43+0100;  17.452;  35.095;  17.500;
2016-01-10T14:25:48+0100;  17.471;  35.095;  17.500;
2016-01-10T14:30:53+0100;  17.489;  35.095;  17.500;
2016-01-10T14:35:58+0100;  17.503;  35.095;  17.500;
2016-01-10T14:41:03+0100;  17.520;  35.095;  17.500;
2016-01-10T14:46:08+0100;  17.527;  35.095;  17.500;
2016-01-10T14:51:13+0100;  17.538;  35.106;  17.500;
2016-01-10T14:56:18+0100;  17.560;  35.095;  17.500;
2016-01-10T15:01:23+0100;  17.581;  35.096;  17.500;
2016-01-10T15:06:28+0100;  17.590;  35.098;  17.500;
2016-01-10T15:11:33+0100;  17.603;  35.108;  17.500;
2016-01-10T15:16:38+0100;  17.617;  35.115;  17.500;
2016-01-10T15:21:43+0100;  17.628;  35.114;  17.500;
2016-01-10T15:26:48+0100;  17.637;  35.114;  17.500;
2016-01-10T15:31:53+0100;  17.645;  35.117;  17.500;
2016-01-10T15:36:58+0100;  17.665;  35.121;  17.525;
2016-01-10T15:42:03+0100;  17.674;  35.114;  17.557;
2016-01-10T15:47:08+0100;  17.685;  35.114;  17.762;
2016-01-10T15:52:13+0100;  17.695;  35.120;  17.836;
2016-01-10T15:57:18+0100;  17.704;  35.114;  17.926;
2016-01-10T16:02:23+0100;  17.715;  35.126;  17.992;
2016-01-10T16:07:28+0100;  17.730;  35.130;  18.000;
2016-01-10T16:12:33+0100;  17.747;  35.114;  18.000;
2016-01-10T16:17:38+0100;  17.759;  35.120;  18.000;
2016-01-10T16:22:43+0100;  17.773;  35.117;  18.000;
2016-01-10T16:27:48+0100;  17.780;  35.114;  18.000;
2016-01-10T16:32:53+0100;  17.784;  35.144;  18.000;
2016-01-10T16:37:58+0100;  17.792;  35.148;  18.000;
2016-01-10T16:43:03+0100;  17.801;  35.153;  18.000;
2016-01-10T16:48:08+0100;  17.808;  35.127;  18.000;
2016-01-10T16:53:13+0100;  17.818;  35.136;  18.000;
2016-01-10T16:58:18+0100;  17.829;  35.135;  18.000;
2016-01-10T17:03:23+0100;  17.845;  35.115;  18.000;
2016-01-10T17:08:28+0100;  17.845;  35.153;  18.000;
2016-01-10T17:13:33+0100;  17.857;  35.142;  18.000;
2016-01-10T17:18:38+0100;  17.864;  35.141;  18.000;
2016-01-10T17:23:43+0100;  17.866;  35.156;  18.000;
2016-01-10T17:28:48+0100;  17.872;  35.136;  18.000;
2016-01-10T17:33:53+0100;  17.887;  35.138;  18.000;
2016-01-10T17:38:58+0100;  17.896;  35.150;  18.000;
2016-01-10T17:44:03+0100;  17.905;  35.159;  18.000;
2016-01-10T17:49:08+0100;  17.916;  35.138;  18.000;
2016-01-10T17:54:13+0100;  17.927;  35.166;  18.000;
2016-01-10T17:59:18+0100;  17.946;  35.132;  18.000;
2016-01-10T18:04:23+0100;  17.964;  35.130;  18.000;
2016-01-10T18:09:28+0100;  17.973;  35.114;  18.000;
2016-01-10T18:14:33+0100;  17.981;  35.115;  18.000;
2016-01-10T18:19:38+0100;  17.993;  35.114;  18.000;
2016-01-10T18:24:43+0100;  18.000;  35.136;  18.000;
2016-01-10T18:29:48+0100;  18.002;  35.141;  18.000;
2016-01-10T18:34:53+0100;  18.007;  35.115;  18.000;
2016-01-10T18:39:58+0100;  18.015;  35.151;  18.000;
2016-01-10T18:45:03+0100;  18.019;  35.153;  18.000;
2016-01-10T18:50:08+0100;  18.027;  35.121;  18.000;
2016-01-10T18:55:13+0100;  18.031;  35.145;  18.000;
2016-01-10T19:00:18+0100;  18.034;  35.174;  18.000;
2016-01-10T19:05:23+0100;  18.040;  35.198;  18.000;
2016-01-10T19:10:28+0100;  18.046;  35.116;  18.000;
2016-01-10T19:15:33+0100;  18.047;  35.187;  18.000;
2016-01-10T19:20:38+0100;  18.055;  35.207;  18.000;
2016-01-10T19:25:43+0100;  18.068;  35.124;  18.000;
2016-01-10T19:30:48+0100;  18.069;  35.141;  18.000;
2016-01-10T19:35:53+0100;  18.075;  35.187;  18.000;
2016-01-10T19:40:58+0100;  18.080;  35.169;  18.000;
2016-01-10T19:46:03+0100;  18.089;  35.199;  18.000;
2016-01-10T19:51:04+0100;  18.093;  35.175;  18.000;
2016-01-10T19:56:08+0100;  18.095;  35.217;  18.000;
2016-01-10T20:01:13+0100;  18.102;  35.223;  18.000;
2016-01-10T20:06:18+0100;  18.108;  35.211;  18.000;
2016-01-10T20:11:23+0100;  18.111;  35.201;  18.000;
2016-01-10T20:16:28+0100;  18.113;  35.214;  18.000;
2016-01-10T20:21:33+0100;  18.124;  35.220;  18.000;
2016-01-10T20:26:38+0100;  18.131;  35.223;  18.000;
2016-01-10T20:31:43+0100;  18.135;  35.223;  18.000;
2016-01-10T20:36:48+0100;  18.143;  35.223;  18.000;
2016-01-10T20:41:53+0100;  18.145;  35.223;  18.000;
2016-01-10T20:46:58+0100;  18.150;  35.223;  18.000;
2016-01-10T20:52:03+0100;  18.157;  35.222;  18.000;
2016-01-10T20:57:08+0100;  18.159;  35.223;  18.000;
2016-01-10T21:02:08+0100;  18.165;  35.223;  18.000;
2016-01-10T21:07:13+0100;  18.168;  35.222;  18.000;
2016-01-10T21:12:18+0100;  18.175;  35.222;  18.000;
2016-01-10T21:17:23+0100;  18.176;  35.223;  18.008;
2016-01-10T21:22:28+0100;  18.177;  35.223;  18.000;
2016-01-10T21:27:33+0100;  18.181;  35.223;  18.025;
2016-01-10T21:32:38+0100;  18.182;  35.223;  18.008;
2016-01-10T21:37:43+0100;  18.186;  35.223;  18.066;
2016-01-10T21:42:48+0100;  18.190;  35.231;  18.041;
2016-01-10T21:47:53+0100;  18.189;  35.227;  18.082;
2016-01-10T21:52:58+0100;  18.193;  35.231;  18.139;
2016-01-10T21:58:03+0100;  18.198;  35.220;  18.213;
2016-01-10T22:03:08+0100;  18.197;  35.225;  18.254;
2016-01-10T22:08:13+0100;  18.203;  35.217;  18.279;
2016-01-10T22:13:18+0100;  18.201;  35.249;  18.262;
2016-01-10T22:18:23+0100;  18.206;  35.223;  18.295;
2016-01-10T22:23:28+0100;  18.207;  35.223;  18.369;
2016-01-10T22:28:33+0100;  18.214;  35.223;  18.434;
2016-01-10T22:33:38+0100;  18.216;  35.238;  18.443;
2016-01-10T22:38:43+0100;  18.218;  35.228;  18.426;
2016-01-10T22:43:48+0100;  18.219;  35.231;  18.443;
2016-01-10T22:48:53+0100;  18.225;  35.220;  18.475;
2016-01-10T22:53:58+0100;  18.231;  35.212;  18.500;
2016-01-10T22:59:03+0100;  18.231;  35.195;  18.500;
2016-01-10T23:04:08+0100;  18.236;  35.164;  18.492;
2016-01-10T23:09:09+0100;  18.238;  35.199;  18.500;
2016-01-10T23:14:13+0100;  18.239;  35.220;  18.500;
2016-01-10T23:19:18+0100;  18.244;  35.235;  18.500;
2016-01-10T23:24:23+0100;  18.245;  35.228;  18.500;
2016-01-10T23:29:28+0100;  18.251;  35.223;  18.500;
2016-01-10T23:34:33+0100;  18.253;  35.211;  18.500;
2016-01-10T23:39:38+0100;  18.257;  35.193;  18.500;
2016-01-10T23:44:43+0100;  18.260;  35.201;  18.500;
2016-01-10T23:49:48+0100;  18.270;  35.142;  18.500;
2016-01-10T23:54:53+0100;  18.278;  35.148;  18.500;
2016-01-10T23:59:59+0100;  18.281;  35.182;  18.500;
2016-01-11T00:05:03+0100;  18.283;  35.143;  18.500;
2016-01-11T00:10:08+0100;  18.285;  35.148;  18.500;
2016-01-11T00:15:13+0100;  18.287;  35.156;  18.500;
2016-01-11T00:20:18+0100;  18.288;  35.158;  18.500;
2016-01-11T00:25:23+0100;  18.285;  35.172;  18.500;
2016-01-11T00:30:28+0100;  18.289;  35.167;  18.500;
2016-01-11T00:35:33+0100;  18.290;  35.172;  18.500;
2016-01-11T00:40:38+0100;  18.288;  35.126;  18.500;
2016-01-11T00:45:43+0100;  18.291;  35.151;  18.500;
2016-01-11T00:50:48+0100;  18.294;  35.129;  18.500;
2016-01-11T00:55:53+0100;  18.293;  35.199;  18.500;
2016-01-11T01:00:58+0100;  18.299;  35.188;  18.500;
2016-01-11T01:06:03+0100;  18.305;  35.139;  18.500;
2016-01-11T01:11:08+0100;  18.305;  35.187;  18.500;
2016-01-11T01:16:13+0100;  18.313;  35.131;  18.500;
2016-01-11T01:21:18+0100;  18.310;  35.163;  18.500;
2016-01-11T01:26:23+0100;  18.310;  35.183;  18.500;
2016-01-11T01:31:28+0100;  18.315;  35.126;  18.500;
2016-01-11T01:36:33+0100;  18.316;  35.167;  18.500;
2016-01-11T01:41:38+0100;  18.319;  35.147;  18.500;
2016-01-11T01:46:43+0100;  18.320;  35.135;  18.500;
2016-01-11T01:51:48+0100;  18.325;  35.142;  18.500;
2016-01-11T01:56:53+0100;  18.328;  35.155;  18.500;
2016-01-11T02:01:58+0100;  18.334;  35.139;  18.500;
2016-01-11T02:07:03+0100;  18.335;  35.137;  18.500;
2016-01-11T02:12:08+0100;  18.332;  35.145;  18.500;
2016-01-11T02:17:13+0100;  18.331;  35.171;  18.500;
2016-01-11T02:22:18+0100;  18.335;  35.156;  18.500;
2016-01-11T02:27:23+0100;  18.339;  35.127;  18.500;
2016-01-11T02:32:28+0100;  18.339;  35.153;  18.500;
2016-01-11T02:37:33+0100;  18.341;  35.131;  18.500;
2016-01-11T02:42:38+0100;  18.343;  35.126;  18.500;
2016-01-11T02:47:43+0100;  18.345;  35.126;  18.500;
2016-01-11T02:52:43+0100;  18.345;  35.127;  18.500;
2016-01-11T02:57:48+0100;  18.344;  35.126;  18.500;
2016-01-11T03:02:53+0100;  18.347;  35.150;  18.500;
2016-01-11T03:07:58+0100;  18.352;  35.174;  18.500;
2016-01-11T03:13:03+0100;  18.356;  35.126;  18.500;
2016-01-11T03:18:08+0100;  18.352;  35.142;  18.500;
2016-01-11T03:23:13+0100;  18.354;  35.126;  18.500;
2016-01-11T03:28:18+0100;  18.363;  35.126;  18.500;
2016-01-11T03:33:23+0100;  18.362;  35.134;  18.500;
2016-01-11T03:38:28+0100;  18.363;  35.151;  18.500;
2016-01-11T03:43:33+0100;  18.367;  35.131;  18.500;
2016-01-11T03:48:38+0100;  18.369;  35.126;  18.500;
2016-01-11T03:53:43+0100;  18.368;  35.153;  18.500;
2016-01-11T03:58:48+0100;  18.366;  35.167;  18.500;
2016-01-11T04:03:53+0100;  18.370;  35.142;  18.500;
2016-01-11T04:08:58+0100;  18.372;  35.142;  18.500;
2016-01-11T04:14:03+0100;  18.374;  35.126;  18.500;
2016-01-11T04:19:08+0100;  18.373;  35.145;  18.500;
2016-01-11T04:24:13+0100;  18.376;  35.126;  18.500;
2016-01-11T04:29:18+0100;  18.377;  35.166;  18.500;
2016-01-11T04:34:23+0100;  18.378;  35.134;  18.500;
2016-01-11T04:39:28+0100;  18.380;  35.145;  18.500;
2016-01-11T04:44:33+0100;  18.380;  35.143;  18.500;
2016-01-11T04:49:38+0100;  18.384;  35.126;  18.500;
2016-01-11T04:54:43+0100;  18.388;  35.126;  18.500;
2016-01-11T04:59:48+0100;  18.389;  35.143;  18.500;
2016-01-11T05:04:53+0100;  18.391;  35.137;  18.500;
2016-01-11T05:09:58+0100;  18.390;  35.126;  18.500;
2016-01-11T05:15:03+0100;  18.395;  35.126;  18.500;
2016-01-11T05:20:08+0100;  18.393;  35.126;  18.500;
2016-01-11T05:25:13+0100;  18.400;  35.126;  18.500;
2016-01-11T05:30:18+0100;  18.402;  35.126;  18.500;
2016-01-11T05:35:23+0100;  18.399;  35.150;  18.500;
2016-01-11T05:40:28+0100;  18.401;  35.151;  18.500;
2016-01-11T05:45:33+0100;  18.405;  35.129;  18.500;
2016-01-11T05:50:38+0100;  18.410;  35.132;  18.500;
